nom,liens,disponibiliter,prix_regulier,remis_aditionnelle,EAN / GTIN,Poids - g,Marque,Model,Taille de la batterie,Batterie chimique,Batterie,Tension_nominale,capaciter_ah,Version batterie,Courant de décharge - A,Protection des circuits,Hauteur - mm,Diamètre - mm,10,40,100,200,600,30,180,540,360,50,Inclus,400,300,20,2,90,60,165,495,35
Olight 18650 3500mAh batterie pour M2R / X7,https://www.nkon.nl/fr/rechargeable/li-ion/18650-size/olight-18650-3500mah-accu-voor-m2r-x7.html,False,23.95,False,6926540927215,47.0,Olight,ORB-186S35,18650.0,Li-ion,Rechargeable,3.6,3.5,Haut plat,10.0,Protégé,"68,00",18.35,,,,,,,,,,,,,,,,,,,,
Samsung ICR18650-26J (26J3) - 2600mAh - 10A,https://www.nkon.nl/fr/rechargeable/li-ion/18650-size/samsung-icr18650-26j3.html,False,2.99,True,7417940527338,44.0,Samsung,ICR18650-26J,18650.0,Li-ion,Rechargeable,3.6,2.6,Haut plat,10.0,Non protégé,"65,00",18.4,2.85,2.78,2.68,2.6,2.53,,,,,,,,,,,,,,,
Molicel INR18650-M35A 3350mAh - 10A,https://www.nkon.nl/fr/rechargeable/li-ion/18650-size/molicel-inr18650-m35a-3500mah-10a.html,False,4.25,True,7417940530154,48.0,Molicel,INR-18650-M35A,18650.0,Li-ion,Rechargeable,3.6,3.35,Haut plat,10.0,Non protégé,"65,05",18.3,,,3.65,3.45,3.35,4.15,,,,,,,,,,,,,,
Sanyo NCR18650GA 3350mAh - 10A - Vert,https://www.nkon.nl/fr/rechargeable/li-ion/18650-size/sanyo-ncr18650ga-3350mah-10a-groen.html,False,4.15,True,7417940527352,47.0,Sanyo,NCR18650GA,18650.0,Li-ion,Rechargeable,3.6,3.35,Haut plat,10.0,Non protégé,"65,10",18.3,3.8,,,,,3.7,3.55,3.45,,,,,,,,,,,,
LG INR18650-M26S 2500mAh - 10A,https://www.nkon.nl/fr/rechargeable/li-ion/18650-size/lg-inr18650-m26s.html,True,2.55,True,7417940527406,44.0,LG,INR18650M26,18650.0,Li-ion,Rechargeable,3.6,2.5,Haut plat,10.0,Non protégé,"65,00",18.2,,,2.35,2.25,2.15,2.45,,,,,,,,,,,,,,
Sinowatt SW18650-34MP 3250mAh - 3.25A,https://www.nkon.nl/fr/rechargeable/li-ion/18650-size/sinowatt-sw18650-34mp-3250mah-3-25a.html,False,3.15,True,7417940527420,49.0,Sinowatt,SW18650-34MP,18650.0,Li-ion,Rechargeable,3.6,3.25,Haut plat,3.25,Non protégé,"65,20",18.5,2.85,,2.55,2.45,2.35,,,,,,,,,,,,,,,
EVE INR18650-33V 3100mAh - 10A,https://www.nkon.nl/fr/rechargeable/li-ion/18650-size/eve-inr18650-33v-3100mah-10a.html,False,2.75,True,7417940527437,46.0,EVE,INR18650-33V,18650.0,Li-ion,Rechargeable,3.6,3.1,Haut plat,10.0,Non protégé,"65,00",18.35,2.6,,2.45,2.35,2.25,,,,,,,,,,,,,,,
EVE INR18650-29V 2800mAh - 8.4A,https://www.nkon.nl/fr/rechargeable/li-ion/18650-size/eve-inr18650-29v-2800mah-8-4a.html,True,3.25,True,7417940527475,44.5,EVE,INR18650-29V,18650.0,Li-ion,Rechargeable,3.6,2.8,Haut plat,8.4,Non protégé,"65,00",18.35,,,2.68,2.58,2.38,2.88,,,,,,,,,,,,,,
Tenpower INR18650-22E 2200mAh - 10A,https://www.nkon.nl/fr/rechargeable/li-ion/18650-size/terrae-inr18650-22e-2200mah-10a.html,True,,False,5903864721287,48.0,Tenpower,INR18650-22E,18650.0,Li-ion,Rechargeable,3.6,2.2,,10.0,Non protégé,"65,10",18.6,,,,,,,,,,,,,,,,,,,,
Sony / Murata US18650VTC5 2600mAh - 30A - Reclaimed,https://www.nkon.nl/fr/rechargeable/li-ion/18650-size/sony-murata-us18650vtc5-2600mah-30a-reclaimed.html,False,3.35,True,7417940529868,46.0,Sony,US18650VTC5,18650.0,Li-ion,Rechargeable,3.6,2.6,"récupéré, Haut plat",30.0,Non protégé,"65,00",18.4,3.25,,2.95,2.75,,,,,,,,,,,,,,,,
Sanyo UR18650RX 1950mAh - 30A,https://www.nkon.nl/fr/rechargeable/li-ion/18650-size/panasonic-ur18650rx-30a.html,False,2.99,True,7417940527154,46.0,Sanyo,UR18650RX,18650.0,Li-ion,Rechargeable,3.6,1.95,Haut plat,30.0,Non protégé,"65,00",18.21,2.85,,,,,2.75,2.65,2.45,2.55,,,,,,,,,,,
Sony / Murata US18650VTC6 3000mAh - 30A - remis à neuf,https://www.nkon.nl/fr/rechargeable/li-ion/18650-size/sony-us18650-vtc6-reclaimed.html,False,3.99,True,7417940527147,48.0,Sony / Murata,US18650VTC6,18650.0,Li-ion,Rechargeable,3.6,3.0,"récupéré, Haut plat",30.0,Non protégé,"65,00",18.2,3.95,,3.75,3.65,3.55,,,,,3.85,,,,,,,,,,
Sanyo UR18650ZM2 2470mAh - 8A,https://www.nkon.nl/fr/rechargeable/li-ion/18650-size/sanyo-ur18650zm2-2600mah-8a.html,False,2.75,True,7417940526706,46.4,Sanyo,UR18650ZM2,18650.0,Li-ion,Rechargeable,3.6,2.47,Haut plat,8.0,Non protégé,"65,10",18.3,,,,,,2.55,2.45,2.25,2.35,,,,,,,,,,,
EverActive micro USB 18650 3200mAh (protégé) - 7A,https://www.nkon.nl/fr/rechargeable/li-ion/18650-size/everactive-micro-usb-18650-3200mah-protected-7a.html,False,9.45,False,7417940531038,92.0,Everactive,3200 series,18650.0,Li-ion,Rechargeable,3.6,3.1,Bouton haut,7.0,Protégé,"70,20",18.4,,,,,,,,,,,Câble USB,,,,,,,,,
BAK N18650CNP 2500mAh - 20A,https://www.nkon.nl/fr/rechargeable/li-ion/18650-size/bak-n18650cnp-2500mah-20a.html,False,2.89,True,7417940526812,47.0,BAK,N18650CNP,18650.0,Li-ion,Rechargeable,3.6,2.5,Haut plat,20.0,Non protégé,"64,85",18.35,,,2.61,2.5,2.4,2.7,,,,,,,,,,,,,,
BAK H18650CQ 2550mAh - 10.2A,https://www.nkon.nl/fr/rechargeable/li-ion/18650-size/bak-h18650cq-2550mah-10-2a.html,False,2.65,True,7417940526829,48.0,BAK,H18650CQ,18650.0,Li-ion,Rechargeable,3.6,2.55,Haut plat,10.2,Non protégé,"64,85",18.35,2.6,,2.5,2.4,2.3,,,,,,,,,,,,,,,
BAK N18650CL 2900mAh - 8.25A,https://www.nkon.nl/fr/rechargeable/li-ion/18650-size/bak-n18650cl-2900mah-8-25a.html,False,2.65,True,7417940526829,48.0,BAK,N18650CL-29,18650.0,Li-ion,Rechargeable,3.6,2.9,Haut plat,8.25,Non protégé,"64,85",18.35,,2.3,2.1,2.0,1.95,,,,,,,,,,,,,,,
BAK N18650CP 3350mAh - 6.5A,https://www.nkon.nl/fr/rechargeable/li-ion/18650-size/bak-n18650cp-3350mah-6-5a.html,True,3.75,True,7417940526836,48.0,BAK,N18650CP,18650.0,Li-ion,Rechargeable,3.6,3.35,Haut plat,6.5,Non protégé,"64,85",18.35,3.45,,2.95,2.9,2.8,,,,,3.25,,,,,,,,,,
BAK N18650CK 3000mAh - 6.1A,https://www.nkon.nl/fr/rechargeable/li-ion/18650-size/bak-n18650ck-3000mah-6-1a.html,False,2.65,True,7417940530963,47.0,BAK,,18650.0,Li-ion,Rechargeable,3.6,3.0,Haut plat,6.1,Non protégé,"64,85",18.35,,,2.55,2.45,2.35,,,,,,,,,,,,,,,
BAK H18650CH 2600mAh - 5A,https://www.nkon.nl/fr/rechargeable/li-ion/18650-size/bak-h18650ch-2600mah-5a.html,False,2.65,True,7417940526850,48.0,BAK,H18650CH,18650.0,Li-ion,Rechargeable,3.6,2.6,Haut plat,5.0,Non protégé,"64,85",18.35,2.33,,2.13,2.03,1.93,,,,,,,,,,,,,,,
EVE ICR18650-26V 2500mAh - 7.65A,https://www.nkon.nl/fr/rechargeable/li-ion/18650-size/eve-inr18650-26v-2550mah-7-65a.html,False,2.65,True,7417940526973,46.0,EVE,ICR18650-26V,18650.0,Li-ion,Rechargeable,3.6,2.5,Haut plat,7.65,Non protégé,"65,10",18.4,,,1.91,1.81,1.72,,,,,2.02,,,,,,,,,,
LG INR18650MH1 3100mAh - 6A - remis à neuf,https://www.nkon.nl/fr/rechargeable/li-ion/18650-size/lg-inr18650mh1-3100mah-6a-reclaimed.html,False,2.65,True,7417940528830,48.0,LG,INR18650MH1,18650.0,Li-ion,Rechargeable,3.6,3.1,"récupéré, Haut plat",6.0,Non protégé,"65,15",18.41,2.55,,2.45,2.35,2.25,,,,,,,2.29,,,,,,,,
EVE INR18650-25P 2500mAh - 20A,https://www.nkon.nl/fr/rechargeable/li-ion/18650-size/eve-inr18650-25p-2500mah-20a.html,False,2.49,True,7417940527895,44.5,EVE,INR18650-25P,18650.0,Li-ion,Rechargeable,3.6,2.5,Haut plat,20.0,Non protégé,"65,00",18.35,2.39,,2.29,2.19,,,,,,,,,,,,,,,,
Tenpower ICR18650-20SG 2000mAh - 30A,https://www.nkon.nl/fr/rechargeable/li-ion/18650-size/tenpower-20sg.html,False,2.35,True,7417940529769,45.0,Tenpower,ICR18650-20SG,18650.0,Li-ion,Rechargeable,3.6,2.0,Haut plat,30.0,Non protégé,"65,50",18.5,2.15,,2.05,1.95,1.8,,,,,,,1.85,,,,,,,,
Tenpower ICR18650-26HE 2600mAh - 10A,https://www.nkon.nl/fr/rechargeable/li-ion/18650-size/tenpower-icr18650-26he-2600mah-10a.html,False,2.25,True,7417940529745,47.0,Tenpower,ICR18650-26HE,18650.0,Li-ion,Rechargeable,3.6,2.6,Haut plat,10.0,Non protégé,"65,50",18.5,,,1.95,1.9,1.8,,,,,,,,,,,,,,,
Tenpower INR18650-25PG 2500mAh - 20A,https://www.nkon.nl/fr/rechargeable/li-ion/18650-size/tenpower-inr18650-2500mah-20a.html,True,2.95,True,7417940529752,47.0,Tenpower,INR18650-25PG,18650.0,Li-ion,Rechargeable,3.6,2.5,Haut plat,20.0,Non protégé,"65,20",47.0,2.75,,2.65,2.55,2.35,,,,,,,2.45,,,,,,,,
Nitecore 18650 NL1826RX USB-C 2600mAh - 2A,https://www.nkon.nl/fr/rechargeable/li-ion/18650-size/nitecore-18650-nl1826rx-2600mah-2a.html,False,12.75,False,6952506495504,46.8,Nitecore,,18650.0,Li-ion,Rechargeable,3.6,2.6,"Bouton haut, USB",2.0,Protégé,"71,00",18.6,,,,,,,,,,,,,,,,,,,,
DMEGC INR18650-29E 2900mAh - 4.8A,https://www.nkon.nl/fr/rechargeable/li-ion/18650-size/dmegc-inr18650-29e-2900mah-4-8a.html,False,2.35,True,7417940530116,45.0,DMEGC,,18650.0,Li-ion,Rechargeable,3.6,2.9,Haut plat,15.0,Non protégé,"65,00",18.0,,,,2.3,2.25,,,,,,,,,,,,,,,
Tenpower INR18650-25PG 2500mAh - 20A - remis à neuf,https://www.nkon.nl/fr/rechargeable/li-ion/18650-size/tenpower-inr18650-2500mah-20a-reclaimed.html,True,2.25,True,7417940530390,47.0,Tenpower,INR18650-25PG,18650.0,Li-ion,Rechargeable,3.6,2.5,Haut plat,20.0,Non protégé,"65,20",47.0,2.15,,1.95,1.8,1.7,,,,,,,,,,,,,,,
Nitecore 18650 NL1835LTHP 3500mAh (protected) - 8A,https://www.nkon.nl/fr/rechargeable/li-ion/18650-size/nitecore-18650-nl1835lthp-3500mah-8a.html,True,29.95,False,6952506494873,50.0,Nitecore,NL1835LTHP,18650.0,Li-ion,Rechargeable,3.6,3.5,"Bouton haut, Basse température",8.0,Protégé,"69,30",18.7,,,,,,,,,,,,,,,,,,,,
Nitecore 18650 NL1835RX USB 3500mAh (protected) - 2A,https://www.nkon.nl/fr/rechargeable/li-ion/18650-size/nitecore-18650-nl1835rx-usb-3500mah-2a.html,False,23.95,False,6952506495528,45.6,Nitecore,NL1835RX,18650.0,Li-ion,Rechargeable,3.6,3.5,"Bouton haut, USB",2.0,Protégé,"69,30",18.7,,,,,,,,,,,,,,,,,,,,
BAK N18650CP 3350mAh - 6.5A - Lot mixte,https://www.nkon.nl/fr/rechargeable/li-ion/18650-size/bak-n18650cp-3350mah-6-5a-mixed-batches.html,False,2.99,True,7417940531090,48.0,BAK,N18650CP,18650.0,Li-ion,Rechargeable,3.6,3.35,Haut plat,6.5,Non protégé,"64,85",18.35,2.85,,2.65,2.6,2.5,,,,,2.75,,,,,,,,,,
Tenpower INR18650-28HE 2800mAh - 10A,https://www.nkon.nl/fr/rechargeable/li-ion/18650-size/tenpower-inr18650-28he-2800mah-10a.html,False,2.75,True,7417940529394,46.0,Tenpower,INR18650-28HE,18650.0,Li-ion,Rechargeable,3.6,2.8,Haut plat,10.0,Non protégé,"65,50",18.5,2.18,,1.97,1.87,1.82,,,,,,,,,,,,,,,
Sony / Murata US18650VTC5C 2500mAh - 30A,https://www.nkon.nl/fr/rechargeable/li-ion/18650-size/sony-murata-us18650vtc5c-2500mah-30a.html,False,4.45,True,7417940529356,46.0,Sony / Murata,US18650VTC5C,18650.0,Li-ion,Rechargeable,3.6,2.5,Haut plat,30.0,Non protégé,"65,00",18.4,4.25,,,,3.75,,,,,3.95,,,3.85,,,,,,,
Sinowatt SW18650-30SP 2900mAh - 15A,https://www.nkon.nl/fr/rechargeable/li-ion/18650-size/sinowatt-sw18650-30sp-2900mah-15a.html,False,3.35,True,7417940527932,49.0,Sinowatt,SW18650-30SP,18650.0,Li-ion,Rechargeable,3.6,2.9,Haut plat,15.0,Non protégé,"65,20",18.5,,,3.1,2.95,2.75,3.3,,,,,,,,,,,,,,
XTAR 18650 3300mAh (protected) - 10A,https://www.nkon.nl/fr/rechargeable/li-ion/18650-size/xtar-18650-3300mah-protected-10a.html,False,8.45,True,7417940528281,51.0,Xtar,,18650.0,Li-ion,Rechargeable,3.6,3.3,Bouton haut,10.0,Protégé,"68,80",18.4,8.25,,,,,,,,,,,,,7.95,,,,,,
Molicel INR18650-P26A 2600mAh - 35A button top,https://www.nkon.nl/fr/rechargeable/li-ion/18650-size/molicel-inr18650-p26a-2600mah-35a-button-top.html,True,5.95,False,7417940529226,51.0,Molicel,INR-18650-P26A,18650.0,Li-ion,Rechargeable,3.6,2.6,Bouton haut,35.0,Non protégé,"66,60",18.4,,,,,,,,,,,,,,,,,,,,
Molicel INR18650-P28A 2800mAh - 35A button top,https://www.nkon.nl/fr/rechargeable/li-ion/18650-size/molicel-inr18650-p28a-2800mah-35a-button-top.html,False,7.49,False,7417940524108,51.0,Molicel,INR-18650-P28A,18650.0,Li-ion,Rechargeable,3.6,2.8,Bouton haut,35.0,Non protégé,"66,90",18.6,,,,,,,,,,,,,,,,,,,,
Tenpower ICR18650-20SG 2000mAh - 30A - remis à neuf,https://www.nkon.nl/fr/rechargeable/li-ion/18650-size/tenpower-icr18650-2000mah-30a-refurbished.html,True,1.95,True,7417940527963,45.0,Tenpower,ICR18650,18650.0,Li-ion,Rechargeable,3.6,2.0,"récupéré, Haut plat",30.0,Non protégé,"65,50",18.5,1.75,,1.65,1.55,1.45,,,,,,,,,,,,,,,
Lishen LR1865HB 3350mAh - 6.7A,https://www.nkon.nl/fr/rechargeable/li-ion/18650-size/lishen-lr1865hb-3350mah-6-7a.html,True,3.55,True,7417940528618,48.0,Lishen,LR1865HB,18650.0,Li-ion,Rechargeable,3.6,3.35,Haut plat,10.0,Non protégé,"65,00",18.2,3.35,,3.1,,2.95,,,,,,,,,,,,,,,
EVE INR18650-25P 2500mAh - 20A (Marque TerraE),https://www.nkon.nl/fr/rechargeable/li-ion/18650-size/eve-inr18650-25p-2500mah-20a-terrae.html,True,,False,7417940528724,44.5,EVE,INR18650-25P,18650.0,Li-ion,Rechargeable,3.6,2.5,Haut plat,20.0,Non protégé,"65,00",18.35,,,,,,,,,,,,,,,,,,,,
Lishen LR1865SS 2900mAh - 6A (Label TerraE),https://www.nkon.nl/fr/rechargeable/li-ion/18650-size/lishen-lr1865ss-2900mah-6a-terrae-label.html,False,2.95,True,7417940528731,48.0,Lishen,INR18650-30E,18650.0,Li-ion,Rechargeable,3.6,2.9,Haut plat,6.0,Non protégé,"65,00",18.2,,,,2.65,2.2,,,,,,,2.3,,,,,,,,
Sanyo NCR18650GA 3350mAh - 10A - JP,https://www.nkon.nl/fr/rechargeable/li-ion/18650-size/sanyo-18650ga-4893.html,True,4.25,True,8438493103540,48.0,Sanyo,NCR18650GA,18650.0,Li-ion,Rechargeable,3.6,3.35,Haut plat,10.0,Non protégé,"65,10",18.3,,,,,,3.93,3.83,3.68,,,,,,,,,,,,
Aspilsan INR18650-A28 2800mAh - 15A,https://www.nkon.nl/fr/rechargeable/li-ion/18650-size/aspilsan-inr18650-a28-2800-mah-15a.html,False,2.95,True,7417940531182,45.0,Aspilsan,A28,18650.0,Li-ion,Rechargeable,3.6,2.8,,15.0,Non protégé,"65,00",18.3,,,2.55,2.45,2.4,,,,,2.75,,,,,,,,,,
Olight 18650 3500mAh batterie pour S30RIII,https://www.nkon.nl/fr/rechargeable/li-ion/18650-size/olight-18650-3500mah-s30riii.html,False,25.95,True,6926540927284,47.0,Olight,ORB-186C35,18650.0,Li-ion,Rechargeable,3.6,3.5,Haut plat,10.0,Protégé,"68,00",18.0,,,,,,,,,,,,,,,23.95,,,,,
Sanyo UR18650SA 1200mAh - 18A,https://www.nkon.nl/fr/rechargeable/li-ion/18650-size/sanyo-ur18650sa-1200mah-18a.html,True,,False,7417940523613,42.0,Sanyo,,18650.0,Li-ion,Rechargeable,3.6,1.2,Haut plat,18.0,Non protégé,"64,80",18.1,,,,,,,,,,,,,,,,,,,,
XTAR 18650 2600mAh (protégé) - 5.2A,https://www.nkon.nl/fr/rechargeable/li-ion/18650-size/xtar-18650-2600mah-protected.html,False,6.95,True,7417940526287,47.0,Xtar,,18650.0,Li-ion,Rechargeable,3.6,2.6,Bouton haut,5.2,Protégé,"68,50",18.4,6.75,,,,,,,,,,,,,6.45,,,,,,
XTAR 18650 3500mAh (protégé) - 10A,https://www.nkon.nl/fr/rechargeable/li-ion/18650-size/xtar-18650-3500-protected-10a.html,False,13.95,True,0666111043420,51.0,Xtar,,18650.0,Li-ion,Rechargeable,3.6,3.5,Bouton haut,10.0,Protégé,"68,80",18.4,12.95,,,,,,,,,,,,,12.45,,,,,,
LG ICR18650-HB3 1500mAh - 22A,https://www.nkon.nl/fr/rechargeable/li-ion/18650-size/lg-icr18650-hb3.html,True,2.25,True,7417940523934,46.0,LG,LGDAHB31865,18650.0,Li-ion,Rechargeable,3.6,1.5,Haut plat,22.0,Non protégé,"65,00",18.3,,,,,,,,,,1.84,,,,,,,,,,
Sony / Murata US18650VTC5D 2800mAh - 35A,https://www.nkon.nl/fr/rechargeable/li-ion/18650-size/sony-murata-us18650vtc5d-2800mah-25a.html,False,5.65,True,7417940523965,47.0,Sony / Murata,US18650VTC5D,18650.0,Li-ion,Rechargeable,3.6,2.8,Haut plat,35.0,Non protégé,"65,25",18.35,5.35,,5.15,,4.95,,,,,5.25,,,5.05,,,,,,,
LG INR18650-M29 2850mAh - 10A,https://www.nkon.nl/fr/rechargeable/li-ion/18650-size/lg-inr18650-m29-2850mah-10a.html,False,2.75,True,7417940524771,48.0,LG,INR18650M29,18650.0,Li-ion,Rechargeable,3.6,2.75,Haut plat,10.0,Non protégé,"65,20",18.4,,2.55,2.31,2.21,2.15,,,,,,,,,,,,,,,
Molicel INR18650-P28A 2800mAh - 35A,https://www.nkon.nl/fr/rechargeable/li-ion/18650-size/molicel-inr18650-p28a-2800mah-35a.html,False,5.45,True,7417940524108,46.0,Molicel,INR-18650-P28A,18650.0,Li-ion,Rechargeable,3.6,2.8,Haut plat,35.0,Non protégé,"65,20",18.6,4.95,,4.55,4.25,4.15,,,,,,,,,,,,,,,
Sanyo UR18650ZL2 2310mAh - 10A,https://www.nkon.nl/fr/rechargeable/li-ion/18650-size/sanyo-ur1865zl2-2310mah-10a.html,True,,False,7417940524429,46.0,Sanyo,,18650.0,Li-ion,Rechargeable,3.6,2.31,Haut plat,10.0,Non protégé,"65,00",18.0,,,,,,,,,,,,,,,,,,,,
Samsung INR18650-29E 2900mAh E6 - 8.25A,https://www.nkon.nl/fr/rechargeable/li-ion/18650-size/samsung-inr18650-29e-2900mah-e6-3671.html,True,4.99,True,4250615506367,45.0,Samsung,INR18650-29E,18650.0,Li-ion,Rechargeable,3.6,2.75,Haut plat,8.25,Non protégé,"64,90",18.3,4.69,4.64,4.59,4.54,4.49,,,,,,,,,,,,,,,
Sanyo NCR18650GA 3350mAh - Boutonnière 10A pour sonnette,https://www.nkon.nl/fr/rechargeable/li-ion/18650-size/sanyo-18650ga-button-top-3402.html,False,5.95,True,8438493103564,49.0,Sanyo,NCR18650GA,18650.0,Li-ion,Rechargeable,3.6,3.35,Bouton haut,10.0,Non protégé,"66,80",18.5,5.55,,,,,,4.55,,4.29,,,,,,,,,,,
LG INR18650-MJ1 3400mAh - 10A avec bouton,https://www.nkon.nl/fr/rechargeable/li-ion/18650-size/lg-inr18650-mj1-buttontop.html,False,6.45,True,7417940529882,49.0,LG,INR18650-MJ1,18650.0,Li-ion,Rechargeable,3.6,3.4,Bouton haut,10.0,Non protégé,"66,10",18.3,6.25,,,,,,,,,,,,,,,,,,,
Olight 18650 2600mAh batterie pour série M - blister,https://www.nkon.nl/fr/rechargeable/li-ion/18650-size/olight-18650-2600mah-accu-voor-m-serie-blister.html,False,13.95,False,6950723824107,57.0,Olight,ORB-186P26,18650.0,Li-ion,Rechargeable,3.6,2.6,Haut plat,4.2,Protégé,"70,00",18.6,,,,,,,,,,,,,,,,,,,,
Olight 18650 3400mAh batterie pour la série M,https://www.nkon.nl/fr/rechargeable/li-ion/18650-size/olight-18650-3400mah-accu-voor-m-serie.html,False,19.95,False,6926540927093,57.0,Olight,ORB-186L34,18650.0,Li-ion,Rechargeable,3.6,3.4,Haut plat,2.0,Protégé,"70,00",18.5,,,,,,,,,,,,,,,,,,,,
LG INR18650-F1L 3350mAh - 4.8A,https://www.nkon.nl/fr/rechargeable/li-ion/18650-size/lg-inr18650-f1l-3350mah-4-8a.html,False,3.75,True,8438493108460,43.0,LG,LGGBF1L1865,18650.0,Li-ion,Rechargeable,3.6,3.35,Haut plat,4.8,Non protégé,"64,90",18.2,3.63,,3.53,3.43,3.33,,,,,,,,,,,,,,,
LG INR18650-M36 3450mAh - 5A,https://www.nkon.nl/fr/rechargeable/li-ion/18650-size/lg-inr18650m36-3600mah-10a.html,False,3.99,True,8438493108507,49.0,LG,LGDBM361865,18650.0,Li-ion,Rechargeable,3.6,3.45,Haut plat,5.0,Non protégé,"65,40",18.4,3.85,,3.7,3.59,3.45,,,,,,,,,,,,,,,
Samsung INR18650-20S 2000mAh - 30A,https://www.nkon.nl/fr/rechargeable/li-ion/18650-size/samsung-inr18650-20s-2000mah-30a.html,False,4.75,True,8438493108668,47.0,Samsung,INR18650-20S,18650.0,Li-ion,Rechargeable,3.6,2.0,Haut plat,30.0,Non protégé,"64,80",18.2,4.45,,4.25,4.15,,,,,,,,4.05,,,,,,,,
Panasonic NCR18650BD 3100mAh - 10A,https://www.nkon.nl/fr/rechargeable/li-ion/18650-size/panasonic-ncr18650bd-3200mah-10a.html,False,3.99,True,8438493108781,49.0,Panasonic,NCR18650BD,18650.0,Li-ion,Rechargeable,3.6,3.1,Haut plat,10.0,Non protégé,"65,30",18.5,3.7,,,,,3.6,3.45,3.35,,,,,,,,,,,,
Olight 18650 3200mAh batterie pour R20,https://www.nkon.nl/fr/rechargeable/li-ion/18650-size/olight-18650-3200mah-r20.html,False,22.75,True,6926540927277,47.0,Olight,orb-186C32,18650.0,Li-ion,Rechargeable,3.6,3.2,Bouton haut,4.0,Non protégé,"68,00",18.35,,,,,,,,,,,,,,,22.4,,,,,
Keeppower 18650 3500mAh (protégé) - dessus plat 10A,https://www.nkon.nl/fr/rechargeable/li-ion/18650-size/keeppower-18650-3500-li-ion-flat-top.html,True,12.45,True,7417940521855,50.0,Keeppower,P1835J,18650.0,Li-ion,Rechargeable,3.6,3.5,Haut plat,10.0,Protégé,"68,60",18.6,11.95,,,,,,,,,,,,,,,10.25,,,,
Molicel INR18650-P26A 2600mAh - 35A,https://www.nkon.nl/fr/rechargeable/li-ion/18650-size/molicel-p26a-imr18650-2600mah-5a.html,False,4.95,True,7417940522074,45.0,Molicel,INR-18650-P26A,18650.0,Li-ion,Rechargeable,3.6,2.6,Haut plat,35.0,Non protégé,"64,90",18.4,4.75,,4.55,4.45,4.35,,,,,,,,,,,,,,,
LG INR18650-HG2L 3000mAh - 20A,https://www.nkon.nl/fr/rechargeable/li-ion/18650-size/lg-inr18650-hg2l-3000mah-20a.html,True,,False,7417940524795,47.0,LG,LGABHG21865,18650.0,Li-ion,Rechargeable,3.6,3.0,Haut plat,20.0,Non protégé,"65,00",18.5,,,,,,,,,,,,,,,,,,,,
Samsung INR18650-25S 2500mAh - 25A,https://www.nkon.nl/fr/rechargeable/li-ion/18650-size/samsung-inr18650-25s-2500mah-25a.html,False,4.4,False,7417940524986,45.0,Samsung,INR18650-25S,18650.0,Li-ion,Rechargeable,3.6,2.5,Haut plat,25.0,Non protégé,"18,20",64.7,,,,,,,,,,,,,,,,,,,,
Nitecore 18650 NL1834 3400mAh (protégé) - 4A,https://www.nkon.nl/fr/rechargeable/li-ion/18650-size/nitecore-18650-nl1834-3400mah-protected-4a.html,False,15.95,True,06952506491506,46.0,Nitecore,NL1834,18650.0,Li-ion,Rechargeable,3.6,3.4,Bouton haut,4.0,Protégé,"69,20",18.3,14.95,,,,,,,,,,,,,,,,13.95,,,
Nitecore IMR18650 3100mAh - 10A,https://www.nkon.nl/fr/rechargeable/li-ion/18650-size/nitecore-18650-3100mah-10a.html,False,16.75,True,6952506492220,46.0,Nitecore,IMR18650,18650.0,Li-ion,Rechargeable,3.6,3.1,Bouton haut,10.0,Protégé,"69,20",18.3,15.45,,,,,,,,,14.95,,,,,,,,,,
Samsung INR18650-35E 3450mAh - 8A - remis à neuf,https://www.nkon.nl/fr/rechargeable/li-ion/18650-size/samsung-inr18650-35e-reclaimed.html,False,2.95,True,7417940526386,49.0,Samsung,INR18650-35E,18650.0,Li-ion,Rechargeable,3.6,3.45,"récupéré, Haut plat",8.0,Non protégé,"65,00",18.3,,,2.75,2.55,2.4,,,,,2.85,,2.45,,,,,,,,
Samsung INR18650-20R 2000mAh - 22A - remis à neuf,https://www.nkon.nl/fr/rechargeable/li-ion/18650-size/samsung-inr18650-20r-reclaimed.html,False,,True,7417940525808,43.0,Samsung,INR18650-20R,18650.0,Li-ion,Rechargeable,3.6,2.0,"récupéré, Haut plat",22.0,Non protégé,"64,90",18.2,,,1.75,,,,,,,,,,,,,,,,,
Samsung INR18650-32E 3100mAh - 6.4A,https://www.nkon.nl/fr/rechargeable/li-ion/18650-size/samsung-inr18650-32e-3100mah-6-4a.html,False,3.85,True,7417940525839,48.0,Samsung,INR18650-32E,18650.0,Li-ion,Rechargeable,3.6,3.1,Haut plat,6.4,Non protégé,"65,20",18.5,,,3.1,3.05,2.9,3.3,,,,,,2.95,,,,,,,,
2x Keeppower 18650 3500mAh (protected) - 8A - USB,https://www.nkon.nl/fr/rechargeable/li-ion/18650-size/2x-keeppower-18650-3500mah-protected-8a-usb.html,False,24.95,True,6970906554003,96.0,Keeppower,P1835U,18650.0,Li-ion,Rechargeable,3.6,3.35,"Bouton haut, USB",8.0,Protégé,"70,20",18.5,22.95,,,,,,,,,,Câble USB,,,,,,,,,
2x Keeppower 18650 3200mAh (protected) - 8A - USB,https://www.nkon.nl/fr/rechargeable/li-ion/18650-size/2x-keeppower-18650-3200mah-protected-8a-usb.html,True,18.95,True,6970906554010,60.0,Keeppower,P1832U,18650.0,Li-ion,Rechargeable,3.6,3.2,"Bouton haut, USB",8.0,Protégé,"68,90",18.6,17.95,,,,,,,,,,Câble USB,,,,,,,,,
Samsung INR18650-15Q 1500mAh - 18A ,https://www.nkon.nl/fr/rechargeable/li-ion/18650-size/samsung-inr18650-15q-1500mah-18a.html,True,,False,7417940527109,43.0,Samsung,INR18650-15Q,18650.0,Li-ion,Rechargeable,3.6,1.5,Haut plat,18.0,Non protégé,"64,60",18.15,,,,,,,,,,,,,,,,,,,,
Samsung INR18650-13P 1300mAh - 15A,https://www.nkon.nl/fr/rechargeable/li-ion/18650-size/samsung-inr18650-13p.html,True,,True,7417940526232,42.0,Samsung,,18650.0,Li-ion,Rechargeable,3.6,1.3,Haut plat,15.0,Non protégé,"65,00",18.4,,,0.91,0.9,0.88,,,,,0.95,,,,,,,,,,
Nitecore 18650 NL1826 2600mAh (protégé) - 4A,https://www.nkon.nl/fr/rechargeable/li-ion/18650-size/nitecore-18650-nl1826-2600mah-4a.html,False,11.45,True,6952506491483,50.0,Nitecore,NL1826,18650.0,Li-ion,Rechargeable,3.6,2.6,Bouton haut,4.0,Protégé,"69,20",18.3,10.95,,9.45,,,,,,,,,,,,,,,,,
Nitecore 18650 NL1835R USB 3500mAh - 5A,https://www.nkon.nl/fr/rechargeable/li-ion/18650-size/nitecore-18650-nl1835r-usb-3500mah-4a.html,False,21.95,True,06952506492381,50.0,Nitecore,NL1835R,18650.0,Li-ion,Rechargeable,3.6,3.5,"Bouton haut, USB",5.0,Protégé,"70,00",18.5,19.95,,,,,,,,,,,,,19.45,,,18.45,,,
Samsung INR18650-30Q 3000mAh - 15A - Remis à neuf,https://www.nkon.nl/fr/rechargeable/li-ion/18650-size/samsung-inr18650-30q-3000mah-15a-reclaimed.html,False,3.95,True,7417940529912,46.0,Samsung,INR18650-30Q,18650.0,Li-ion,Rechargeable,3.6,3.0,"récupéré, Haut plat",15.0,Non protégé,"64,90",18.3,3.75,,,,,,,,,,,,,3.55,,,,,,
LG INR18650-MJ1 3400mAh - 10A - remis à neuf,https://www.nkon.nl/fr/rechargeable/li-ion/18650-size/lg-inr18650-mj1-3500mah-10a-reclaimed.html,False,2.95,True,7417940529875,47.0,LG,INR18650-MJ1,18650.0,Li-ion,Rechargeable,3.6,3.4,"récupéré, Haut plat",10.0,Non protégé,"65,20",18.4,,,2.75,2.55,2.4,,,,,2.85,,2.45,,,,,,,,
Nitecore 18650 NL1835HP 3500mAh (protected) - 8A,https://www.nkon.nl/fr/rechargeable/li-ion/18650-size/nitecore-18650-nl1835hp-3500mah-8a.html,False,22.95,True,06952506492343,50.0,Nitecore,NL1835HP,18650.0,Li-ion,Rechargeable,3.6,3.5,Bouton haut,8.0,Protégé,"69,30",18.6,21.95,,18.45,,,,,,,,,,,,,,,,,
Nitecore 18650 NL1823 2300mAh (protected) - 2A,https://www.nkon.nl/fr/rechargeable/li-ion/18650-size/nitecore-18650-nl1823-2300mah-2a.html,False,7.75,True,06952506491476,48.0,Nitecore,NL1823,18650.0,Li-ion,Rechargeable,3.6,2.3,Bouton haut,2.0,Protégé,"69,00",18.6,7.45,,,6.25,,,,,,,,,,,,,,,,
Nitecore TM03 NL18650D 3100mAh - 10A,https://www.nkon.nl/fr/rechargeable/li-ion/18650-size/nitecore-nl18650d-3100mah-30a.html,False,15.95,True,06952506491438,46.0,Nitecore,NL18650D,18650.0,Li-ion,Rechargeable,3.6,3.1,Bouton haut,10.0,Protégé,"69,00",18.6,14.95,,12.95,,,,,,,,,,,,,,,,,
Nitecore 18650 NL1826R USB 2600mAh (protected) - 5A ,https://www.nkon.nl/fr/rechargeable/li-ion/18650-size/nitecore-18650-nl1826r-usb-2600mah-30a.html,False,10.95,True,06952506492299,48.0,Nitecore,NL1826R,18650.0,Li-ion,Rechargeable,3.6,2.6,"Bouton haut, USB",5.0,Protégé,"68,00",18.3,10.45,,9.25,,,,,,,,,,,10.25,,,,,,
Sony / Murata US18650VTC6 3000mAh - 30A,https://www.nkon.nl/fr/rechargeable/li-ion/18650-size/sony-murata-us18650-vtc6.html,False,5.85,True,7417940525358,48.0,Sony / Murata,US18650VTC6,18650.0,Li-ion,Rechargeable,3.6,3.0,Haut plat,30.0,Non protégé,"65,00",18.2,5.43,,5.03,4.83,4.63,,,,,5.23,,,,,,,,,,
Nitecore 18650 NL1832 3200mAh - 2A,https://www.nkon.nl/fr/rechargeable/li-ion/18650-size/nitecore-18650-nl1832-3200mah-30a.html,False,14.95,True,6952506491490,48.0,Nitecore,NL1832,18650.0,Li-ion,Rechargeable,3.6,3.2,Bouton haut,2.0,Protégé,"69,00",18.6,13.95,,11.95,,,,,,,12.95,,,,,,,,,,
Nitecore 18650 NL1834R USB 3400mAh (protected) - 2A,https://www.nkon.nl/fr/rechargeable/li-ion/18650-size/nitecore-18650-nl1834r-usb-3400mah-30.html,False,15.95,True,06952506492305,48.0,Nitecore,NL1834R,18650.0,Li-ion,Rechargeable,3.6,3.4,"Bouton haut, USB",2.0,Protégé,"68,00",18.3,15.55,,14.95,,,,,,,,,,,,,,,,,
Nitecore 18650 NL1835 3500mAh (protected) - 4A,https://www.nkon.nl/fr/rechargeable/li-ion/18650-size/nitecore-18650-nl1835-3500mah-5a.html,False,18.95,True,06952506491469,46.0,Nitecore,NL1835,18650.0,Li-ion,Rechargeable,3.6,3.5,Bouton haut,4.0,Protégé,"69,20",18.5,17.95,,15.95,,,,,,,,,,,,,,,,,
Sony / Murata US18650VTC5A 2600mAh - 35A,https://www.nkon.nl/fr/rechargeable/li-ion/18650-size/sony-us18650vtc5a-flat-top.html,False,4.25,True,8438493099706,48.0,Sony,US18650VTC5A,18650.0,Li-ion,Rechargeable,3.6,2.6,Haut plat,35.0,Non protégé,"65,00",18.4,3.95,,3.85,,3.65,,,,,,,,3.75,,,,,,,
Sony / Murata Konion US18650VTC5 2600mAh - 30A,https://www.nkon.nl/fr/rechargeable/li-ion/18650-size/sony-us18650vtc5-flat-top.html,True,4.45,True,0730484107406,46.0,Sony,US18650VTC5,18650.0,Li-ion,Rechargeable,3.6,2.6,Haut plat,30.0,Non protégé,"65,00",18.4,4.15,,3.6,,3.25,,,,,3.85,,,3.35,,,,,,,
Sony / Murata US18650VTC4 2100mAh - 30A,https://www.nkon.nl/fr/rechargeable/li-ion/18650-size/sony-us18650vtc4-flat-top.html,False,4.55,True,0730484104870,46.0,Sony,US18650VTC4,18650.0,Li-ion,Rechargeable,3.6,2.1,Haut plat,30.0,Non protégé,"65,00",18.1,,,,,2.9,,,,,3.4,,,3.2,,,,,,,
LG 18650HB4 1500mAh - 30A,https://www.nkon.nl/fr/rechargeable/li-ion/18650-size/lg-18650hb4-1500mah-30a.html,True,,False,8438493108347,44.0,LG,LGDAHB41865,18650.0,Li-ion,Rechargeable,3.6,1.5,Haut plat,30.0,Non protégé,"64,90",18.2,,,,,,,,,,,,,,,,,,,,
LG ICR18650-HB6 1500mAh - 30A,https://www.nkon.nl/fr/rechargeable/li-ion/18650-size/lg-icr18650-hb6.html,True,2.75,True,8438493099508,48.0,LG,LGDAHB61865,18650.0,Li-ion,Rechargeable,3.6,1.5,Haut plat,30.0,Non protégé,"65,20",18.4,2.45,,,,2.05,,,,,,,,,,,,,,,
LG INR18650-HB2 1500mah - 30A,https://www.nkon.nl/fr/rechargeable/li-ion/18650-size/lg-hb2-1500mah-30a.html,True,2.45,True,8438493098549,44.0,LG,LGDAHB21865,18650.0,Li-ion,Rechargeable,3.6,1.5,Haut plat,30.0,Non protégé,"65,00",18.2,2.15,,2.0,1.9,,,,,,,,,,,,,,,,
Samsung INR18650-20R 2000mAh - 22A,https://www.nkon.nl/fr/rechargeable/li-ion/18650-size/samsung-inr18650-20r.html,False,3.45,True,7417940526645,43.0,Samsung,INR18650-20R,18650.0,Li-ion,Rechargeable,3.6,1.9,,22.0,Non protégé,"64,90",18.2,3.19,,2.99,2.79,2.7,,,,,,,,,,,,,,,
LG ICR18650-HG2 3000mAh - 20A,https://www.nkon.nl/fr/rechargeable/li-ion/18650-size/lg-18650-hg2-without-warning.html,True,5.45,True,9009316344137,45.0,LG,LGABHG21865,18650.0,Li-ion,Rechargeable,3.6,3.0,Haut plat,20.0,Non protégé,"65,00",18.3,4.99,,4.69,4.59,4.49,,,,,4.79,,,,,,,,,,
Samsung INR18650-25R 2500mAh - 20A,https://www.nkon.nl/fr/rechargeable/li-ion/18650-size/samsung-18650-inr18650-25r.html,False,3.75,True,8438493100709,44.0,Samsung,INR18650-25R,18650.0,Li-ion,Rechargeable,3.6,2.5,Haut plat,20.0,Non protégé,"64,90",18.3,3.29,,2.99,2.89,2.69,,,,,3.09,,2.79,,,,,,,,
LG ICR18650-HE4 2500mAh - 20A,https://www.nkon.nl/fr/rechargeable/li-ion/18650-size/icr18650he4-2500mah.html,False,3.95,True,8438493100440,46.0,LG,LGDBHE41865,18650.0,Li-ion,Rechargeable,3.6,2.5,Haut plat,20.0,Non protégé,"65,00",18.3,,,3.3,3.2,3.1,,,,,3.35,,,,,,,,,,
LG ICR18650-HE2 2500mAh - 20A,https://www.nkon.nl/fr/rechargeable/li-ion/18650-size/lg-18650he2-imr-battery.html,True,3.85,True,8438493100488,45.0,LG,LGDBHE21865,18650.0,Li-ion,Rechargeable,3.6,2.5,Haut plat,20.0,Non protégé,"64,80",18.3,,,3.48,3.18,2.83,3.68,,,,,,,,,,,,,,
Samsung INR18650-15M 1500mAh - 20A,https://www.nkon.nl/fr/rechargeable/li-ion/18650-size/samsung-inr18650-15m.html,False,3.45,True,8438493099645,42.0,Samsung,INR18650-15M,18650.0,Li-ion,Rechargeable,3.6,1.5,Haut plat,20.0,Non protégé,"64,80",18.0,,3.15,2.95,2.9,2.85,,,,,,,,,,,,,,,
Samsung INR18650-30Q 3000mAh - 15A,https://www.nkon.nl/fr/rechargeable/li-ion/18650-size/samsung-inr-18650-30q-3000mah.html,False,4.75,True,8438493100389,46.0,Samsung,INR18650-30Q,18650.0,Li-ion,Rechargeable,3.6,3.0,Haut plat,15.0,Non protégé,"64,90",18.3,4.45,,4.05,3.8,3.7,,,,,4.15,,,,,,,,,,
LG INR18650-MJ1 3400mAh - 10A,https://www.nkon.nl/fr/rechargeable/li-ion/18650-size/lg-inr18650-mj1.html,True,3.99,True,8438493099829,47.0,LG,INR18650-MJ1,18650.0,Li-ion,Rechargeable,3.6,3.4,Haut plat,10.0,Non protégé,"65,00",18.2,3.7,,3.5,3.35,3.25,,,,,3.65,,,,,,,,,,
Samsung INR18650-35E 3450mAh - 8A,https://www.nkon.nl/fr/rechargeable/li-ion/18650-size/samsung-inr18650-35e.html,False,4.95,True,9009316342928,49.0,Samsung,INR18650-35E,18650.0,Li-ion,Rechargeable,3.6,3.45,Haut plat,8.0,Non protégé,"65,00",18.3,,,4.25,3.95,3.8,,,,,4.75,,,,,,,,,,
Sanyo NCR18650GA 3350mAh - 10A - CN,https://www.nkon.nl/fr/rechargeable/li-ion/18650-size/sanyo-18650ga.html,False,4.65,True,7417940529851,48.0,Sanyo,NCR18650GA,18650.0,Li-ion,Rechargeable,3.6,3.35,Haut plat,10.0,Non protégé,"65,10",18.3,,,,,,3.8,,,,,,,,,,,,3.7,3.55,
LG INR18650MH1 3100mAh - 6A,https://www.nkon.nl/fr/rechargeable/li-ion/18650-size/lg-inr18650mh1-3200mah-3c-battery.html,False,3.25,True,8438493098525,48.0,LG,INR18650MH1,18650.0,Li-ion,Rechargeable,3.6,3.1,Haut plat,6.0,Non protégé,"65,15",18.41,3.15,,,2.65,2.55,,,,,,,,,,,,,,,2.85
Panasonic NCR18650PF 2750mAh - 10A,https://www.nkon.nl/fr/rechargeable/li-ion/18650-size/panasonic-ncr18650pf-3-7v-2900mah.html,False,4.75,True,8438493099904,46.0,Panasonic,NCR18650PF,18650.0,Li-ion,Rechargeable,3.6,2.75,Haut plat,10.0,Non protégé,"64,95",18.1,,,,,,4.25,4.05,3.95,,,,,,,,,4.15,,,
Sony / Murata US18650NC1 2900mAh - 10A,https://www.nkon.nl/fr/rechargeable/li-ion/18650-size/sony-us18650nc1.html,True,,True,8438493100860,46.0,Sony,,18650.0,Li-ion,Rechargeable,3.6,2.9,Haut plat,10.0,Non protégé,"65,00",18.2,,,,,2.15,,,,,2.4,,,2.28,,,,,,,
Samsung ICR18650-22P 2200mAh - 10A,https://www.nkon.nl/fr/rechargeable/li-ion/18650-size/samsung-icr18650-22p.html,True,4.75,True,8438493107401,44.0,Samsung,ICR18650-22P,18650.0,Li-ion,Rechargeable,3.6,2.2,Haut plat,10.0,Non protégé,"64,80",18.3,,,,,,,,,,,,,,4.45,,,,,,
Samsung INR18650-29E 2900mAh E7 - 8.25A,https://www.nkon.nl/fr/rechargeable/li-ion/18650-size/samsung-inr18650-29e.html,False,4.35,True,7417940526997,45.0,Samsung,INR18650-29E,18650.0,Li-ion,Rechargeable,3.6,2.75,Haut plat,8.25,Non protégé,"64,90",18.3,4.05,,3.92,3.85,3.75,,,,,,,,,,,,,,,
Sanyo NCR18650BL 3350mAh - 7A,https://www.nkon.nl/fr/rechargeable/li-ion/18650-size/sony-ncr18650bl.html,True,2.85,True,7417940526119,50.0,Sanyo,,18650.0,Li-ion,Rechargeable,3.6,3.35,Haut plat,7.0,Non protégé,"18,00",65.0,,2.75,,,,,2.6,2.45,2.5,,,,,,,,,,,
Panasonic NCR18650B 3250mAh - 6.7A,https://www.nkon.nl/fr/rechargeable/li-ion/18650-size/panasonic-ncr18650b-made-in-japan.html,False,7.25,True,4016139082509,46.0,Panasonic,NCR18650B,18650.0,Li-ion,Rechargeable,3.6,3.25,Haut plat,6.7,Non protégé,"65,00",18.3,,,,,,6.43,5.73,5.58,,,,,,,,,,,,
Panasonic NCR18650A 3100mAh - 6.2A,https://www.nkon.nl/fr/rechargeable/li-ion/18650-size/panasonic-ncr18650a.html,False,5.2,True,8438493101140,55.0,Panasonic,NCR18650A,18650.0,Li-ion,Rechargeable,3.6,3.1,Haut plat,6.2,Non protégé,"18,00",65.0,5.09,,,,,4.89,4.79,4.69,,,,,,,,,,,,
Samsung ICR18650-30A 3000mAh - 6A (4.3V),https://www.nkon.nl/fr/rechargeable/li-ion/18650-size/samsung-icr18650-30a.html,True,,False,8438493099645,48.0,Samsung,,18650.0,Li-ion,Rechargeable,4.3,3.0,Haut plat,6.0,Non protégé,"64,70",17.9,,,,,,,,,,,,,,,,,,,,
Sanyo UR18650AA 2250 mAh - 5A,https://www.nkon.nl/fr/rechargeable/li-ion/18650-size/sanyo-ur18650aan.html,False,2.75,False,7417940523583,45.0,Samsung,UR18650AA,18650.0,Li-ion,Rechargeable,3.6,2.25,Haut plat,5.0,Non protégé,"64,50",17.9,,,,,,,,,,,,,,,,,,,,
Sanyo NCR18650BF 3350mAh - 4.9A,https://www.nkon.nl/fr/rechargeable/li-ion/18650-size/sony-ncr18650bf.html,False,4.35,True,8438493109726,46.0,Sanyo,NCR18650BF,18650.0,Li-ion,Rechargeable,3.6,3.35,Haut plat,4.9,Non protégé,"65,10",18.3,,,,,,4.18,4.08,3.98,,,,,,,,,,,,
Samsung ICR18650-22F 2250mAh - 4.4A,https://www.nkon.nl/fr/rechargeable/li-ion/18650-size/samsung-18650-icr18650-22f.html,True,2.85,True,8438493100402,45.0,Samsung,ICR18650-22F,18650.0,Li-ion,Rechargeable,3.6,2.25,Haut plat,4.4,Non protégé,"64,60",17.9,2.75,,,,,,,,,,,,,,,,,,,
LG ICR18650-S3 2200mAh - 4.3A,https://www.nkon.nl/fr/rechargeable/li-ion/18650-size/lg-icr18650-s3.html,True,,False,8438493100600,50.0,LG,,18650.0,Li-ion,Rechargeable,3.6,2.2,Haut plat,4.3,Non protégé,"64,90",18.1,,,,,,,,,,,,,,,,,,,,
Sony / Murata US18650VTC5A 2600mAh - 35A avec button top,https://www.nkon.nl/fr/rechargeable/li-ion/18650-size/sony-konion-us18650vtc5a-2600mah-35a-met-button-top.html,False,8.95,False,8438493100921,49.0,Sony,US18650VTC5A,18650.0,Li-ion,Rechargeable,3.6,2.6,Bouton haut,35.0,Non protégé,"66,60",18.4,,,,,,,,,,,,,,,,,,,,
Sony / Murata US18650VTC6 3000mAh - 30A avec button top,https://www.nkon.nl/fr/rechargeable/li-ion/18650-size/sony-konion-us18650vtc6-3120mah-30a-met-button-top.html,False,7.95,False,8438493100969,48.0,Sony,US18650VTC6,18650.0,Li-ion,Rechargeable,3.6,3.0,Bouton haut,30.0,Non protégé,"66,60",18.4,,,,,,,,,,,,,,,,,,,,
Sony / Murata US18650VTC5 2600mAh - 30A avec button top,https://www.nkon.nl/fr/rechargeable/li-ion/18650-size/sony-konion-us18650vtc5-2600mah-30a-met-button-top.html,True,5.95,False,8438493100907,47.0,Sony,US18650VTC5,18650.0,Li-ion,Rechargeable,3.6,2.6,Bouton haut,30.0,Non protégé,"66,60",18.4,,,,,,,,,,,,,,,,,,,,
Sony / Murata Konion US18650VTC4 2100mAh - 30A Bouton haut,https://www.nkon.nl/fr/rechargeable/li-ion/18650-size/sony-us18650vtc4-button-top.html,False,4.75,True,7417940529806,47.0,Sony,US18650VTC4,18650.0,Li-ion,Rechargeable,3.6,2.1,Bouton haut,30.0,Non protégé,"66,60",18.1,4.45,,,,,,,,,4.25,,,,,,,,,,
Samsung INR18650-25R 2500mAh - 20A button top,https://www.nkon.nl/fr/rechargeable/li-ion/18650-size/samsung-18650-inr18650-25r-button-top.html,True,6.95,True,7417940529837,48.0,Samsung,INR18650-25R,18650.0,Li-ion,Rechargeable,3.6,2.5,Bouton haut,20.0,Non protégé,"66,60",18.2,6.45,,,,,,,,,,,,,,,,,,,
Samsung INR18650-30Q 3000mAh -  15A button top,https://www.nkon.nl/fr/rechargeable/li-ion/18650-size/samsung-inr-18650-30q-3000mah-button-top.html,False,6.95,True,8438493100747,47.0,Samsung,INR18650-30Q,18650.0,Li-ion,Rechargeable,3.6,3.0,Bouton haut,15.0,Non protégé,"66,60",18.3,6.75,,,,,,,,,,,,,,,,,,,
Samsung INR18650-15L 1500mAh - 18A,https://www.nkon.nl/fr/rechargeable/li-ion/18650-size/samsung-inr18650-15l-1500mah-18a.html,True,,False,8438493103144,43.0,Samsung,,18650.0,Li-ion,Rechargeable,3.6,1.5,Haut plat,18.0,Non protégé,"65,00",18.25,,,,,,,,,,,,,,,,,,,,
Panasonic UR18650ZY 2600mAh - 1.25A,https://www.nkon.nl/fr/rechargeable/li-ion/18650-size/panasonic-ur18650zy-2600mah-1-25a.html,True,,False,8438493103106,48.0,Panasonic,,18650.0,Li-ion,Rechargeable,3.6,2.5,Haut plat,1.25,Non protégé,"65,00",18.6,,,,,,,,,,,,,,,,,,,,
Samsung INR18650-13Q 1300mAh - 15A,https://www.nkon.nl/fr/rechargeable/li-ion/18650-size/samsung-inr18650-13q.html,True,,False,714819378754,50.0,Samsung,,18650.0,Li-ion,Rechargeable,3.6,1.3,Haut plat,15.0,Non protégé,"65,00",18.0,,,,,,,,,,,,,,,,,,,,
 Sanyo NCR18650GA 3350mAh - 10A Button Top,https://www.nkon.nl/fr/rechargeable/li-ion/18650-size/sanyo-18650ga-button-top.html,True,5.95,False,8438493103564,50.0,Sanyo,NCR18650GA,18650.0,Li-ion,Rechargeable,3.6,3.35,Bouton haut,10.0,Non protégé,"67,00",18.2,,,,,,,,,,,,,,,,,,,,
Keeppower 18650 2600mAh (protégé) - 5.2A,https://www.nkon.nl/fr/rechargeable/li-ion/18650-size/keeppower-18650-2600-li-ion.html,True,7.25,True,6970906550159,53.0,Keeppower,P1826K,18650.0,Li-ion,Rechargeable,3.6,2.6,Bouton haut,5.2,Protégé,"68,90",18.6,6.95,,,,,,,,,,,,,,,,,,,
Keeppower 18650 2900mAh (protégé) - 8A,https://www.nkon.nl/fr/rechargeable/li-ion/18650-size/keeppower-18650-2900mah.html,False,9.45,True,8438493103601,55.0,Keeppower,P1829J,18650.0,Li-ion,Rechargeable,3.6,2.9,Bouton haut,8.0,Protégé,"69,00",18.6,9.25,,7.75,,,,,,,,,,,,,,,,,
Keeppower 18650 3000mAh (protégé) - 15A,https://www.nkon.nl/fr/rechargeable/li-ion/18650-size/keeppower-18650-3000mah-protected.html,True,11.45,False,6970906553013,48.0,Keeppower,P1830R,18650.0,Li-ion,Rechargeable,3.6,3.0,Bouton haut,15.0,Protégé,"69,00",18.8,,,,,,,,,,,,,,,,,,,,
Keeppower 18650 3200mAh (protected) - 8A (Button top),https://www.nkon.nl/fr/rechargeable/li-ion/18650-size/keeppower-18650-3200-li-ion.html,False,7.95,False,7417940530710,30.0,Keeppower,,18650.0,Li-ion,Rechargeable,3.6,3.2,Bouton haut,1.0,Protégé,"68,90",18.6,,,,,,,,,,,,,,,,,,,,
Keeppower 18650 3400mAh (protégé) - 8A,https://www.nkon.nl/fr/rechargeable/li-ion/18650-size/keeppower-18650-3400-li-ion.html,False,9.95,True,6970906550227,48.0,Keeppower,P1834J,18650.0,Li-ion,Rechargeable,3.6,3.4,Bouton haut,8.0,Protégé,"69,00",18.6,9.45,,,,,,,,,,,,,,,,,,,
Keeppower 18650 3500mAh (protégé) - 10A (Button-top),https://www.nkon.nl/fr/rechargeable/li-ion/18650-size/keeppower-18650-3500-li-ion.html,False,12.45,True,6970906550234,50.0,Keeppower,P1835J,18650.0,Li-ion,Rechargeable,3.6,3.5,Bouton haut,10.0,Protégé,"69,10",18.6,11.95,,10.25,,,,,,,,,,,,,,,,,
EagleTac 18650 3500mAh (protégé) - 10A,https://www.nkon.nl/fr/rechargeable/li-ion/18650-size/eagletac-18650-3500.html,True,13.5,True,4250728805647,48.0,EagleTac,,18650.0,Li-ion,Rechargeable,3.6,3.5,Bouton haut,10.0,Protégé,"68,50",18.5,11.95,,,,,,,,,,,,,,,,,,,
Samsung ICR18650-26F 2600mAh - 5.2A Z-tags,https://www.nkon.nl/fr/rechargeable/li-ion/18650-size/samsung-icr18650-26f-with-z-tags.html,True,,False,0,55.0,Samsung,,18650.0,Li-ion,Rechargeable,3.6,2.4,Lèvre de soudure en Z,5.0,Non protégé,"65,00",18.0,,,,,,,,,,,,,,,,,,,,
